Rate:
  min: 0.5 # minimum velocity (arcsec/h)
  max: 8.0 # maximum velocity (arcsec/h)
  square:
    a: 0.887741923
    b: 2.76305359E-02
    c: 24.1423416
    d: 0.153656587
    goodness: 0.669 # (reduced chi^2)
  tan:
    a: 0.871408045
    b: 24.2362442
    c: 1.01472998
    d: 0.262736738
    goodness: 0.731