Rate:
  min: 2.5 # minimum velocity (arcsec/h)
  max: 8.0 # maximum velocity (arcsec/h)
  square:
    a: 0.888259053
    b: 1.33343311E-02
    c: 24.4792595
    d: 0.145277739
    goodness: 2.910 # (reduced chi^2)
  tan:
    a: 0.847656250
    b: 24.6163406
    c: 0.624257505
    d: 0.279242188
    goodness: 6.421