Rate:
  min: 2.0 # minimum velocity (arcsec/h)
  max: 6.0 # maximum velocity (arcsec/h)
  square:
    a: 0.733703613
    b: 7.04801176E-03
    c: 25.0357132
    d: 0.176427126
    goodness: 1.006 # (reduced chi^2)
  tan:
    a: 0.718983889
    b: 25.2005081
    c: 0.827680588
    d: 0.295595050
    goodness: 2.274