Rate:
  min: 2.0 # minimum velocity (arcsec/h)
  max: 5.0 # maximum velocity (arcsec/h)
  square:
    a: 0.926963389
    b: 1.31419227E-02
    c: 24.7708035
    d: 0.178037807
    goodness: 1.311 # (reduced chi^2)
  tan:
    a: 0.895977855
    b: 24.9024658
    c: 0.957511187
    d: 0.302958965
    goodness: 4.604