Rate:
  min: 2.0 # minimum velocity (arcsec/h)
  max: 6.0 # maximum velocity (arcsec/h)
  square:
    a: 0.935269296
    b: 7.23091885E-03
    c: 25.3351059
    d: 0.198516250
    goodness: 0.994 # (reduced chi^2)